    Sides         p                      B1                      B2    
    _____    ___________    _____________________________    __________

      4      0    0    0    0             0         4e-07    5.6569e-07
      8      0    0    0    0             0    5.6569e-07    6.1229e-07
     12      0    0    0    0             0         6e-07    6.2117e-07
     16      0    0    0    0             0    6.1229e-07    6.2429e-07
     20      0    0    0    0             0    6.1803e-07    6.2574e-07
     24      0    0    0    0             0    6.2117e-07    6.2653e-07
     28      0    0    0    0             0    6.2306e-07      6.27e-07
     32      0    0    0    0             0    6.2429e-07    6.2731e-07
     36      0    0    0    0             0    6.2513e-07    6.2752e-07
     40      0    0    0    0             0    6.2574e-07    6.2767e-07
     44      0    0    0    0             0    6.2619e-07    6.2778e-07
     48      0    0    0    0             0    6.2653e-07    6.2787e-07
     52      0    0    0    0             0    6.2679e-07    6.2794e-07
     56      0    0    0    0             0      6.27e-07    6.2799e-07
     60      0    0    0    0             0    6.2717e-07    6.2803e-07
     64      0    0    0    0             0    6.2731e-07    6.2807e-07
     68      0    0    0    0             0    6.2742e-07     6.281e-07
     72      0    0    0    0             0    6.2752e-07    6.2812e-07
     76      0    0    0    0             0     6.276e-07    6.2814e-07
     80      0    0    0    0             0    6.2767e-07    6.2816e-07